Character Performance:
Shenlong (Boss): 70.9151972030732
MachineGolem (Boss): 68.28156162627957
Hermit (Boss): 67.42210752961508
Dullahan (Boss): 65.25184717724684
Orklord (Boss): 64.73128367228213
Daji (Boss): 63.737586308461054
KungFuB (Boss): 63.44415176897515
Pharaoh (Boss): 62.50582140687007
ArchAngel (Boss): 62.49720057094132
Death (Boss): 62.1795048468449
Yeti (Boss): 62.04593944840371
Golem (Boss): 61.72681181664181
Kyubi (Boss): 60.850128796315396
BlackDragon (Boss): 60.75751745859538
Queen (Boss): 60.55800585243134
Yamatanoorochi (Boss): 60.19975173606397
KungFuA (Boss): 60.16272254569881
Vampire (Boss): 59.28077882813064
Giant (Boss): 59.25503924219355
Cavalier (Boss): 58.89935533461055
FutureElite (Boss): 58.87494207747927
Goliath (Boss): 58.65673300726631
BlackKnight (Boss): 58.16776678664922
Emperor (Boss): 56.563856731227965
Lich (Boss): 56.44287437729936
Assassin (Boss): 54.59788948266911
MadScientist (Boss): 53.7057518642002
Gryphon: 51.80289828790906
Earth: 51.32887972472766
Gargoyle: 50.60633459579099
Panda: 50.332632220198434
PoisonSlime: 49.440792911787454
Mage: 49.11675046305383
HauntedTree: 49.02774365186994
SoldierB: 48.95883507961696
Agent: 48.95184861876007
Mushroom: 48.71584463110779
Werewolf: 48.115820935481196
MoHawk: 47.92888465483246
Valkyrie: 47.728765437153584
Ninja: 46.95824070662657
Tanuki: 46.88351626001271
Paladin: 46.69293200781227
Wyvern: 46.669844764481745
SoldierA: 46.55388963595506
Mimic: 46.48943321939938
Fanatic: 46.37590037123024
AssassinB: 46.25857100863276
FootSoldier: 46.11641573607277
Ork: 46.107692104462245
Kunoichi: 46.10707350175925
Coward: 46.00527436585079
KillerBee: 45.963006004618144
BakeNeko: 45.91909661821132
SkeletonB: 45.881599843250235
Samurai: 45.58534367361336
Anubis: 45.24257879893685
Delf: 45.19461595253782
Salamander: 44.924341887956885
MagicPot: 44.89152661862667
FutureSoldier: 44.8661134655079
Mandrake: 44.47091828188683
Cleric: 44.466070243182195
Kobold: 44.43484320298786
Cobold: 44.356908979170186
Thief: 44.18129609565869
Zhenniao: 43.88896695302144
Biobird: 43.365980665522606
PaladinB: 43.279369961081144
ArabianSoldier: 43.220800544611556
Witch: 42.876658650090526
Ghost: 42.708941614700514
ReconMecha: 42.3888778978073
MultiLegTank: 42.27607324737607
Windspirit: 42.250163715414764
Mummy: 42.20277872417859
Father: 42.14321969021996
SecurityRobot: 41.96236318896445
Skeleton: 41.63034471409704
Infantry: 41.58985970991757
Unicorn: 41.55153780293361
YataGarasu: 41.387003672740256
Captain: 41.33112261914115
Merman: 39.35517088106126
Cockatorice: 39.2764380096684
DelfB: 39.24080417920955
Minotaur: 36.148892147625176

Equipment Performance:
Liquidation: 52.86869742256377
NUSA: 52.2670130575397
Flute: 50.83264495075761
KangTao: 50.65180794882218
Dawn: 50.5543474401297
Arasaka: 50.31116432021791
Sovereign: 49.772324719714
Militech: 49.40841680986914
Bamboo: 49.293643383885005
Snowflake: 49.13042070173691
OldRusty: 48.79800032389485
Rainbow: 48.56650163006248
Rose: 48.357976123054165
