Character Performance:
MachineGolem (Boss): 71.36523993005886
Shenlong (Boss): 69.62760642151858
KungFuB (Boss): 66.25330945130548
Kyubi (Boss): 65.80325896189862
Hermit (Boss): 64.81548817323525
Dullahan (Boss): 64.76968264803216
Orklord (Boss): 64.24003168073236
Pharaoh (Boss): 64.01596066408062
Daji (Boss): 63.917403634712805
ArchAngel (Boss): 63.56595255031865
Queen (Boss): 63.184939099292635
Golem (Boss): 63.11349034815801
BlackDragon (Boss): 62.19099821328192
Assassin (Boss): 61.65282437794703
KungFuA (Boss): 61.36365490584573
Goliath (Boss): 60.06241388102981
Yeti (Boss): 59.840053119918366
FutureElite (Boss): 59.68445162836287
Yamatanoorochi (Boss): 58.84819013105812
Emperor (Boss): 58.590710469659214
Asura (Boss): 58.452165656150605
Death (Boss): 58.26360374913425
Vampire (Boss): 57.98626923779675
BlackKnight (Boss): 56.13346623493737
Giant (Boss): 55.956413262230065
Cavalier (Boss): 55.714299350495075
Mage: 54.88309466997376
MadScientist (Boss): 54.23727206167851
Lich (Boss): 52.67994055141381
Dryad (Boss): 52.13725587590967
Gryphon: 50.88030319760439
Werewolf: 50.437984132260716
Hero: 49.98610652491102
HauntedTree: 49.55685664038855
HeroB: 49.46824484494733
Fanatic: 48.676307191328014
Kunoichi: 48.39366385389281
BakeNeko: 48.333824048760526
Gargoyle: 48.30851420578018
Agent: 48.28695085722116
Puppet: 48.226251276181834
Wyvern: 47.87646162326754
KillerBee: 47.87396237867772
Killerfish: 47.82849281769642
Earth: 47.53859893117172
Cleric: 47.46277102339387
ReconMecha: 47.16661785510878
AssassinB: 47.045892907287744
Salamander: 46.939646688672504
MagicPot: 46.898092120285995
Mandrake: 46.89675916484797
Infantry: 46.848713047880196
Paladin: 46.73333244544001
Unicorn: 46.59568334018357
Panda: 46.5260402391841
SoldierB: 46.44408012905665
Ork: 46.12697361530972
Cobold: 46.03193133059531
Mimic: 45.97274075379941
Coward: 45.80780275169192
SoldierA: 45.792127216279944
ArabianSoldier: 45.6723610950892
MultiLegTank: 45.65872703699743
FutureSoldier: 45.65234900950468
PuppetB: 45.60515350811075
Mummy: 45.55670818049292
PoisonSlime: 45.45964995880262
SecurityRobot: 45.38371818520572
Biobird: 45.32390517605742
MoHawk: 45.19627561104502
SkeletonB: 45.08693149982292
Mushroom: 45.082374819324734
Cockatorice: 44.900900703923575
Delf: 44.90027525160441
Samurai: 44.8761422758042
Windspirit: 44.87261702144902
Witch: 44.83440701344645
Tanuki: 44.58211763538872
PaladinB: 44.445058153181435
FootSoldier: 44.423054928370114
Ninja: 43.91918982534392
Anubis: 43.79238714056051
Captain: 43.66264945825632
Kobold: 43.38679070256895
Father: 43.107330485791735
Ghost: 42.99742992017369
Valkyrie: 42.48911572325258
DelfB: 42.34676724113883
Minotaur: 41.54302668965204
Cockatrice: 41.24882274832304
Zhenniao: 41.21838650455921
Skeleton: 40.73009973293222
Thief: 40.4166898088193
Darkpriest: 39.6720635914504
Merman: 37.81235536560459
Priest: 37.69363598562266
Bat: 36.91666246990636
YataGarasu: 36.76752971621342

Equipment Performance:
NUSA: 53.443641788822404
Liquidation: 52.79450147382086
Dawn: 50.63525008302288
KangTao: 50.45710725702917
Flute: 50.06431562181894
Arasaka: 49.93642427048217
Rainbow: 49.85894525965536
Sovereign: 49.30149440551898
Militech: 49.14598563074835
Snowflake: 49.0411887948812
Bamboo: 48.82430134759055
OldRusty: 48.56077624939616
Rose: 47.61038177100741
