Character Performance:
Shenlong (Boss): 71.10857406422512
KungFuB (Boss): 66.70116172207298
Daji (Boss): 66.27760981427389
ArchAngel (Boss): 65.09626822204078
Hermit (Boss): 64.70163251089265
MachineGolem (Boss): 64.680791857262
Dullahan (Boss): 64.17002046750282
BlackDragon (Boss): 62.95872203511911
Pharaoh (Boss): 62.55249494792239
Orklord (Boss): 62.366978062054955
KungFuA (Boss): 62.096070847532616
Yeti (Boss): 61.94945571497472
Assassin (Boss): 60.6060069126756
Golem (Boss): 59.71495472430542
Death (Boss): 59.49274273137938
Vampire (Boss): 59.48096707955411
Queen (Boss): 59.10611292624331
Goliath (Boss): 58.216034478489746
Lich (Boss): 58.21566812358306
FutureElite (Boss): 57.83785433021099
Yamatanoorochi (Boss): 57.11272279102779
Emperor (Boss): 56.492657394230754
BlackKnight (Boss): 54.7733186452349
Cavalier (Boss): 54.544111510548106
MadScientist (Boss): 54.14994232664253
HauntedTree: 51.78085621299546
Giant (Boss): 51.57977483559152
Panda: 49.24868932032273
Cleric: 48.797732683821884
Gryphon: 48.56123480805564
Samurai: 48.36098064436536
Wyvern: 48.25342519817935
Agent: 48.216301687728915
Werewolf: 48.13881367231243
Fanatic: 47.994650046035645
PoisonSlime: 47.752036404503606
Gargoyle: 47.705749941917894
Kunoichi: 47.65593849028806
Mage: 47.148321527917766
BakeNeko: 46.54818169870323
Mandrake: 46.42499235990776
MultiLegTank: 46.412959611654024
Mimic: 46.2293764952727
ArabianSoldier: 46.098679988067786
SoldierA: 45.99087637836389
Unicorn: 45.9857636334589
MagicPot: 45.983656182820226
FootSoldier: 45.97754433557822
Coward: 45.699488733506136
AssassinB: 45.65041725146341
SoldierB: 45.49567763186822
Ork: 45.48969131828028
MoHawk: 45.37923935402229
Salamander: 45.233684273297484
KillerBee: 45.19084450111349
Earth: 45.02866994728569
Ghost: 44.951899071772345
Cobold: 44.471634670598284
Thief: 44.26180675540135
Valkyrie: 44.2295094917298
Mushroom: 44.22292945389382
Paladin: 43.93537573212365
SecurityRobot: 43.9240271665489
Anubis: 43.86823780485818
Infantry: 43.651730865288854
ReconMecha: 43.54737387784749
Mummy: 42.79886846393891
Biobird: 42.7937574233002
Kobold: 42.708912044673895
Tanuki: 42.119883493181206
FutureSoldier: 42.074005833077756
Witch: 42.0384835388116
Ninja: 42.01647302791174
Merman: 41.43018184656713
Minotaur: 41.19496013539189
Zhenniao: 41.1225518867774
YataGarasu: 40.958864234022705
Father: 40.593906360739346
Skeleton: 39.765219923329134
Cockatorice: 39.31407873189025

Equipment Performance:
Liquidation: 54.0153267888806
NUSA: 53.88530089146726
Dawn: 51.21064477510904
Sovereign: 50.32617700144134
OldRusty: 49.996648019603406
KangTao: 49.936066029005964
Rainbow: 49.589388946367265
Flute: 49.55309157826536
Militech: 49.46056751246754
Snowflake: 48.96803164297789
Arasaka: 48.90954473147091
Bamboo: 48.27005739900672
Rose: 46.921071410822755
