Character Performance:
Shenlong (Boss): 70.12479525618947
Hermit (Boss): 68.50587301699541
MachineGolem (Boss): 68.47955226123358
Daji (Boss): 65.96834419198979
KungFuB (Boss): 65.62910108508122
KungFuA (Boss): 65.15412124292298
Kyubi (Boss): 65.02980982766275
BlackDragon (Boss): 64.53018871251373
Dullahan (Boss): 64.2299124478218
ArchAngel (Boss): 63.27397674613125
Pharaoh (Boss): 62.137590086205066
Orklord (Boss): 60.5854369968349
Assassin (Boss): 60.2550251890464
Golem (Boss): 59.9884145027028
Queen (Boss): 59.95522277254864
Emperor (Boss): 59.59969579761143
Death (Boss): 59.484991627298385
Vampire (Boss): 59.012370786615605
Goliath (Boss): 58.73062464354772
Cavalier (Boss): 58.61771065561724
Yeti (Boss): 58.39353792394814
BlackKnight (Boss): 58.230383014400715
Yamatanoorochi (Boss): 57.78768074011468
Lich (Boss): 57.64720861077918
Giant (Boss): 57.578019457252715
FutureElite (Boss): 57.30813870904496
MadScientist (Boss): 56.70717884037192
Dryad (Boss): 53.32084671389542
MoHawk: 51.096713999109994
Mage: 50.55890758324202
Kunoichi: 50.222021219152694
Wyvern: 48.45029624048948
BakeNeko: 48.41254924326687
Gargoyle: 48.40361658057175
Killerfish: 48.388732276647616
Valkyrie: 48.344294749527634
Gryphon: 48.30252578946882
Earth: 48.15715376112652
Samurai: 48.143139147595434
PoisonSlime: 47.97767771579571
Panda: 47.84193232053075
Mimic: 47.64170313330339
Fanatic: 47.40989373847632
Werewolf: 47.2520839028343
Hero: 47.12233983820432
Mushroom: 46.96100195730263
AssassinB: 46.89198981097775
Coward: 46.82600659592082
Cobold: 46.609783790344565
Father: 46.59499342671981
Salamander: 46.098417652309195
ArabianSoldier: 46.058265679827294
Windspirit: 45.87987478305006
HeroB: 45.63791881968224
Tanuki: 45.52482491792371
HauntedTree: 45.47327936931886
SoldierB: 45.356934972375186
DelfB: 45.349478080256475
Captain: 45.19888177485468
Mandrake: 44.93700304215712
KillerBee: 44.88787171808875
Agent: 44.86421793904447
MultiLegTank: 44.80994645810145
ReconMecha: 44.76873894119868
Ork: 44.75868114653096
Biobird: 44.73778620077878
Anubis: 44.731877145936124
Cleric: 44.502505809746566
Delf: 44.486912981195296
MagicPot: 44.25110554668705
SkeletonB: 44.22689003572134
Infantry: 44.11666474167547
PaladinB: 44.07174601620374
SoldierA: 43.87410559977491
Unicorn: 43.602070441640734
Paladin: 43.536069687728485
Mummy: 43.43692662388254
Thief: 43.42196991378353
Minotaur: 43.42146007752775
SecurityRobot: 43.24784434018802
FootSoldier: 43.09160104443073
Kobold: 43.04966183055597
Zhenniao: 42.8415900166499
FutureSoldier: 42.68091001757141
Ninja: 42.38542982981062
YataGarasu: 41.58637418608119
Ghost: 41.50469851445243
Witch: 41.268917807147446
Cockatorice: 41.248654729458636
Merman: 41.20947629549059
Bat: 40.77327951775522
Cockatrice: 38.6260927919591
Skeleton: 37.273779128073855

Equipment Performance:
Liquidation: 52.648246472860826
NUSA: 52.331159603835275
Sovereign: 50.7614629086271
Rainbow: 50.45253365153281
OldRusty: 50.10329721659801
Dawn: 49.833767127682854
KangTao: 49.775492452734966
Bamboo: 49.56032432895889
Militech: 49.52718775112857
Flute: 49.27668213458596
Arasaka: 49.03219863300468
Snowflake: 48.43030894836715
Rose: 48.36320955467403
