Character Performance:
Shenlong (Boss): 71.84600758347428
Hermit (Boss): 65.9537157693607
MachineGolem (Boss): 65.62419534674108
KungFuB (Boss): 65.0314618310647
Dullahan (Boss): 63.31291826841537
Yeti (Boss): 63.09636368451767
Daji (Boss): 62.334294160104506
BlackDragon (Boss): 61.27825626625918
ArchAngel (Boss): 61.035041046852065
KungFuA (Boss): 60.7200482699479
Queen (Boss): 60.6260553280774
Death (Boss): 59.07040827206875
Yamatanoorochi (Boss): 58.996312928614216
Goliath (Boss): 58.85875853949521
Orklord (Boss): 58.835411768611976
Pharaoh (Boss): 58.163887917594366
Golem (Boss): 58.08565906474366
Vampire (Boss): 58.07509146895768
FutureElite (Boss): 57.970354736515134
BlackKnight (Boss): 57.6423884772242
Giant (Boss): 57.41237992534423
Assassin (Boss): 55.65841597561372
MadScientist (Boss): 55.34296911459002
Cavalier (Boss): 55.299028546034336
Emperor (Boss): 55.146346760895725
Lich (Boss): 54.34719792196215
Gryphon: 51.04951782240868
Werewolf: 50.642250370054185
Agent: 50.36761020333957
Fanatic: 50.19603979201501
Wyvern: 49.382713552668704
Earth: 49.31246643640311
Mage: 48.97168989670388
HauntedTree: 48.17252757215898
BakeNeko: 48.11263309258614
SecurityRobot: 48.09038168983015
Gargoyle: 47.86674418388189
Cleric: 47.36350050453642
Kunoichi: 47.10968411187419
Salamander: 47.05669198636561
Mandrake: 46.95376756255946
Captain: 46.80777783766728
Panda: 46.76017305709119
Coward: 46.539490291037545
KillerBee: 46.50244981096429
Ork: 46.49696579696993
Valkyrie: 46.265846324186526
PoisonSlime: 46.24268898650779
MoHawk: 46.20822152598863
Samurai: 46.19281687987658
FutureSoldier: 45.647816846443234
AssassinB: 45.49440230230803
Unicorn: 45.394636838196
MagicPot: 45.32910199244976
ArabianSoldier: 45.308697851540806
Father: 45.23748296289385
Zhenniao: 44.75611321661174
SoldierB: 44.67772175008734
SoldierA: 44.666613163650524
Thief: 44.60999642492994
Anubis: 44.48691193604676
Minotaur: 44.46164020142844
Tanuki: 44.44790716704594
Cobold: 44.18769399889935
Witch: 43.991549040518166
MultiLegTank: 43.5597309083263
Mimic: 43.49764241522078
Mushroom: 43.47116230122598
ReconMecha: 42.85246825795657
Mummy: 42.77898717475569
Cockatorice: 42.53524631123583
Biobird: 42.473363392092864
Paladin: 42.416300674376025
Kobold: 41.8625481731439
Ninja: 41.835775691915245
FootSoldier: 41.80513694012314
Infantry: 41.46811230821975
Ghost: 40.5491584726458
Skeleton: 40.395389743947575
YataGarasu: 40.0189858436383
Merman: 39.56525449221507

Equipment Performance:
Liquidation: 52.51719802997068
NUSA: 51.717599421587614
KangTao: 51.17769186288244
OldRusty: 50.7273277307744
Flute: 50.63515063004505
Dawn: 50.57285291764703
Sovereign: 50.38436875485874
Bamboo: 50.26741026931654
Arasaka: 49.74341694019223
Militech: 48.74292472010611
Rainbow: 48.41022664933509
Snowflake: 48.34755227787082
Rose: 47.11115845853645
