Character Performance:
Shenlong (Boss): 69.68674935179554
Hermit (Boss): 68.05228224002683
Kyubi (Boss): 67.03244871038828
Daji (Boss): 64.69497403680576
KungFuB (Boss): 64.5914888957188
MachineGolem (Boss): 64.56180474672033
Orklord (Boss): 63.63529812482955
ArchAngel (Boss): 63.63195937108836
Golem (Boss): 63.46467888702224
Yeti (Boss): 62.39842206775117
Pharaoh (Boss): 62.03345262164891
Dullahan (Boss): 61.266360716025595
FutureElite (Boss): 61.01310401436538
Death (Boss): 61.004920931024834
Cavalier (Boss): 60.71774506077115
BlackKnight (Boss): 59.40486432273173
Yamatanoorochi (Boss): 59.30678389016794
BlackDragon (Boss): 58.86596606738684
Queen (Boss): 58.433322333967745
Vampire (Boss): 57.87116574924665
Goliath (Boss): 57.80042869856499
KungFuA (Boss): 57.098736203603025
Emperor (Boss): 56.826780570730996
Lich (Boss): 56.452261666084006
Assassin (Boss): 56.01243322988773
Giant (Boss): 55.47369707690924
Gryphon: 54.198343121635624
Mage: 52.390583690368544
MadScientist (Boss): 52.29575763982685
AssassinB: 52.12583189706515
Earth: 51.7612934485599
Gargoyle: 50.995037340669484
BakeNeko: 50.571853818124595
Anubis: 50.450761051626564
Fanatic: 50.23908856784148
MoHawk: 49.99173044287853
Agent: 49.517186246105425
Kunoichi: 48.63052586439609
Werewolf: 48.47753919716233
HauntedTree: 47.929110238652484
Wyvern: 47.21322363302709
Mummy: 47.06528660957526
Unicorn: 47.06283102473008
FootSoldier: 46.90713792319526
Coward: 46.87974868909352
Valkyrie: 46.86031080031056
Mushroom: 46.52481872397012
SoldierB: 46.33123991531358
MultiLegTank: 46.32914722481156
Paladin: 46.14868463757106
Samurai: 46.13909274757358
PoisonSlime: 46.07548027196876
Cleric: 45.77807056403976
Infantry: 45.7496482005364
SecurityRobot: 45.62916720672594
MagicPot: 45.55571557361391
KillerBee: 45.32858304888715
Father: 45.283077781929705
Mimic: 45.02218230876229
Salamander: 44.95569422697385
Ninja: 44.940260490732456
SkeletonB: 44.85235196336634
DelfB: 44.74552847487194
Panda: 44.68741988605593
Delf: 44.44645032158276
Cobold: 44.36063970093626
Mandrake: 44.12683029275888
Thief: 43.83380158211067
Windspirit: 43.77412795171943
Biobird: 43.7585900521175
Zhenniao: 43.653506091572076
FutureSoldier: 43.6328289345106
Ork: 43.61509576671684
PaladinB: 43.438499382420055
Skeleton: 43.22050350631138
ReconMecha: 42.59738668982671
Minotaur: 42.49641398118736
ArabianSoldier: 42.48717781683381
Tanuki: 42.46707043640303
SoldierA: 42.275644828479095
Ghost: 41.880137783830186
Witch: 41.04096792202793
Cockatorice: 40.995435576001036
Merman: 40.75885229795501
Captain: 39.688695695301945
Kobold: 39.016679072155924
Bat: 38.24556171495265
CockatoriceB: 37.76069347984703
YataGarasu: 37.212133976549566

Equipment Performance:
NUSA: 53.12054407816348
Liquidation: 52.33754710684682
Arasaka: 51.044207049671904
Dawn: 50.39260717232447
Sovereign: 49.907589460737235
Snowflake: 49.82311585817896
Militech: 49.719663378244924
Rainbow: 49.63457790217448
KangTao: 49.3563774194327
Flute: 49.220675138328886
Bamboo: 49.18487157602967
OldRusty: 49.10180083598204
Rose: 47.70493522742338
